150    0.026694501375  0.0376542604573  0.0190204839509   0.1
160    0.0257768778902  0.0359489045829  0.0185369640822   0.1
170    0.021772702684  0.0307117568299  0.0156705579352   0.1
180    0.0176016868441  0.0252492433682  0.0122675446432   0.1
190    0.017268005577  0.024151105833  0.0126219066033   0.1
200    0.015391048449  0.0213419378663  0.0112166110727   0.1
220    0.0125547576779  0.0173089189043  0.00917986195631   0.1
240    0.0102189888076  0.0143330554139  0.00731800070312   0.1
260    0.00815433596689  0.0115672065424  0.00578086145962   0.1
280    0.00719500232373  0.0101490000579  0.00516970606222   0.1
300    0.00617310344297  0.00870754800124  0.00443545809134   0.1
320    0.0053180451958  0.00754383038138  0.0037892370371   0.1
340    0.00465068266143  0.00667130485978  0.00330815412203   0.1
360    0.00413973322104  0.00593835905846  0.00294470243295   0.1
380    0.00368092147866  0.00530954799846  0.00258694025743   0.1
400    0.00330553005308  0.00476806440038  0.00231509676948   0.1
430    0.00293013862749  0.00422658080229  0.00205929237   0.1
460    0.0026381675187  0.00382645833827  0.00184948682372   0.1
500    0.00232534133071  0.00340980385796  0.00162457394666   0.1
530    0.00213764561792  0.00311753139175  0.00148313516612   0.1
560    0.00194994990513  0.00289043263915  0.00135290866373   0.1
630    0.00163712371714  0.00242672678222  0.00110698700563   0.1
675    0.00147028308354  0.0022145807039  0.000998839469079   0.1
695    0.00140771784595  0.00212034318313  0.000958827349966   0.1
700    0.00140771784595  0.00210912072184  0.000951867807393   0.1
730    0.00132429752915  0.00198941452113  0.000893480522902   0.1
760    0.00124087721235  0.00190366656034  0.000837198285239   0.1
800    0.00115745689556  0.0017756891008  0.000780916047576   0.1
830    0.00111574673716  0.00171170029147  0.000741606565408   0.1
850    0.00107403657876  0.00166483603013  0.000722667190201   0.1
