150    0.0777477352547  0.107188783351  0.0564731665242   10
160    0.0704067473766  0.0987518244021  0.0504195266367   10
170    0.0652346877352  0.0920175991676  0.0460050063626   10
180    0.0598957874602  0.084486746567  0.0419273241304   10
190    0.054223205918  0.0764852137695  0.0383362587156   10
200    0.0495516681773  0.0698957215626  0.0353710417023   10
220    0.0445464491695  0.0621252901298  0.0319562439668   10
260    0.036538098757  0.0497915575954  0.0270685002556   10
280    0.0327841845012  0.0446759889461  0.0245796354505   10
300    0.0296142124629  0.0401200858988  0.0219390799845   10
320    0.0266110810582  0.036263716484  0.0195859603095   10
340    0.0237747902871  0.0327776876552  0.0174897219014   10
360    0.0212721807832  0.0296665716443  0.0155487255258   10
380    0.0192700931801  0.0268744222572  0.0140400341683   10
400    0.0176016868441  0.0246879561005  0.0126579269299   10
430    0.015391048449  0.0215873363654  0.0110862706464   10
460    0.0135975116379  0.0190717382612  0.0097222747663   10
500    0.0115537138764  0.01629723499  0.00815164761684   10
530    0.0102189888076  0.0145774546919  0.00711856637092   10
560    0.00896768405566  0.0129354430656  0.00624690578013   10
600    0.00754953867012  0.0108296515954  0.00532900480468   10
610    0.00732013279893  0.0105589307991  0.00515824970684   10
640    0.00673619058135  0.0097166231213  0.00471783095033   10
660    0.00636079915576  0.0092258483988  0.0044055638806   10
750    0.00510949440381  0.00728872734595  0.00367124049082   10
770    0.00481752329502  0.00683382274869  0.00346443260759   10
800    0.00435871155264  0.00614823493209  0.00315550338157   10
850    0.00361835624106  0.00513276320639  0.00261952074978   10
