150    0.135474594478  0.192175379732  0.0988855392678   7
160    0.127799925333  0.180269777126  0.0896828384285   7
170    0.115787399714  0.163325351138  0.0818078872043   7
180    0.110448499439  0.151391979098  0.0842200143809   7
190    0.0917623484766  0.130899592944  0.0666227724792   7
200    0.0864234482016  0.12121669576  0.0619975069455   7
220    0.0777477352547  0.108428408037  0.0566463716229   7
240    0.0710741099109  0.098554637999  0.0518675290009   7
260    0.0625652375977  0.0867558463926  0.0455845290663   7
280    0.0528884808492  0.0737592420904  0.0380337709647   7
300    0.0448801304367  0.0625906496339  0.0325938386251   7
320    0.0392075488945  0.0553046965582  0.0281711540152   7
340    0.0358707362227  0.0503119468104  0.0256876735476   7
360    0.0326173438676  0.0460087995838  0.0233986733125   7
380    0.0297810530965  0.042008033185  0.0212935704775   7
400    0.0274452842262  0.0387132870816  0.0196234864685   7
430    0.0241084715543  0.0341986995958  0.0170912414694   7
460    0.0212721807832  0.0301753215255  0.015029546832   7
500    0.0177685274777  0.0253469226326  0.0126392268586   7
530    0.0163086719338  0.0235244555089  0.0118638275293   7
570    0.014973946865  0.0210023134617  0.0108765373368   7
580    0.0137226421131  0.0197942348837  0.010030452349   7
610    0.0123044967275  0.0176014920915  0.00866145654508   7
630    0.0114702935596  0.0172768712768  0.00879393288588   7
660    0.0103858294412  0.0153122347321  0.00775886592685   7
710    0.00930136532285  0.0132684586097  0.00662723730351   7
750    0.00761210390771  0.0119510347029  0.00568671892849   7
780    0.00761210390771  0.0111014537143  0.00533129537567   7
800    0.00723671248213  0.0105539849733  0.00505082485529   7
830    0.00665277026455  0.00964932972259  0.00467194283883   7
850    0.00629823391816  0.00908489204472  0.00430999825508   7
