150    0.0991033363547  0.139791443125  0.0710936717308   2
160    0.0904276234078  0.127553808922  0.0637819960331   2
170    0.0810845479266  0.114374814325  0.05728909604   2
180    0.0770803727203  0.105039732612  0.0580325724852   2
190    0.0642336439336  0.0900934838991  0.0456911007613   2
200    0.0585610623914  0.0826040359626  0.0420791471721   2
220    0.0515537557805  0.0718978091657  0.0371345000515   2
240    0.0458811742383  0.0639867230545  0.0334286527817   2
260    0.0405422739633  0.0562177885439  0.0293507108793   2
280    0.0338686486195  0.0472338369154  0.0243350821524   2
300    0.0289468499285  0.0406005724635  0.0207987027675   2
320    0.025443196623  0.0358892160835  0.0182203281254   2
340    0.0233576887031  0.0329474788548  0.0168113272033   2
360    0.0214390214168  0.0300701652876  0.0152501468293   2
380    0.0196037744473  0.0276523482791  0.0139446855711   2
400    0.0179353681113  0.0254419390047  0.0127149385353   2
430    0.0157247297162  0.0224314299121  0.0111100775645   2
460    0.0138894827467  0.0198134390206  0.00979677337593   2
510    0.0113868732428  0.016334226534  0.00801794929875   2
520    0.0109697716588  0.015823356013  0.00772425214702   2
530    0.0105526700748  0.0153058333531  0.00743055372241   2
560    0.00988530754043  0.014101456348  0.00697134738319   2
590    0.00896768405566  0.0128282056475  0.00632421748333   2
640    0.00769552422451  0.0110390654089  0.00544573164018   2
670    0.00694474137334  0.0100728116828  0.00490601640871   2
710    0.00631908899736  0.00916535097591  0.0044950326668   2
730    0.00561001630459  0.00844996027864  0.00381340036525   2
760    0.005443175671  0.00802508640989  0.00380509855699   2
800    0.00481752329502  0.00721788002993  0.00330855571978   2
850    0.00444213186943  0.00662003463837  0.00309497349991   2
