150    0.026694501375  0.0376542604573  0.0190204839509   0.1
160    0.0257768778902  0.0359489045829  0.0185369640822   0.1
170    0.021772702684  0.0307117568299  0.0156705579352   0.1
180    0.0176016868441  0.0252492433682  0.0122675446432   0.1
190    0.017268005577  0.024151105833  0.0126219066033   0.1
200    0.015391048449  0.0213419378663  0.0112166110727   0.1
220    0.0125547576779  0.0173089189043  0.00917986195631   0.1
240    0.0102189888076  0.0143330554139  0.00731800070312   0.1
260    0.00815433596689  0.0115672065424  0.00578086145962   0.1
280    0.00719500232373  0.0101490000579  0.00516970606222   0.1
300    0.00617310344297  0.00870754800124  0.00443545809134   0.1
320    0.0053180451958  0.00754383038138  0.0037892370371   0.1
340    0.00465068266143  0.00667130485978  0.00330815412203   0.1
360    0.00413973322104  0.00593835905846  0.00294470243295   0.1
380    0.00368092147866  0.00530954799846  0.00258694025743   0.1
400    0.00330553005308  0.00476806440038  0.00231509676948   0.1
430    0.00293013862749  0.00422658080229  0.00205929237   0.1
460    0.0026381675187  0.00382645833827  0.00184948682372   0.1
500    0.00232534133071  0.00340980385796  0.00162457394666   0.1
530    0.00213764561792  0.00311753139175  0.00148313516612   0.1
560    0.00194994990513  0.00289043263915  0.00135290866373   0.1
630    0.00163712371714  0.00242672678222  0.00110698700563   0.1
675    0.00147028308354  0.0022145807039  0.000998839469079   0.1
695    0.00140771784595  0.00212034318313  0.000958827349966   0.1
700    0.00140771784595  0.00210912072184  0.000951867807393   0.1
730    0.00132429752915  0.00198941452113  0.000893480522902   0.1
760    0.00124087721235  0.00190366656034  0.000837198285239   0.1
800    0.00115745689556  0.0017756891008  0.000780916047576   0.1
830    0.00111574673716  0.00171170029147  0.000741606565408   0.1
850    0.00107403657876  0.00166483603013  0.000722667190201   0.1
150    0.0398749114289  0.0559281646498  0.0286753036611   2
160    0.0348696924211  0.0491858794567  0.0249319671462   2
170    0.0311157781652  0.0438907463352  0.0222479041969   2
180    0.0272784435926  0.0384779469832  0.0194038818736   2
190    0.0239416309207  0.0337711653807  0.0170303182638   2
200    0.0211053401496  0.0297703989819  0.0150904013014   2
220    0.0179353681113  0.0251559734052  0.0130254187814   2
240    0.0141397436971  0.0199449912411  0.0100579754783   2
260    0.0128050186283  0.0178581124154  0.00920057892662   2
280    0.0107195107084  0.0150350826438  0.00770211271877   2
300    0.00905110437246  0.0127671475153  0.00650893399002   2
320    0.00786236485811  0.011027676835  0.00564921504506   2
340    0.00698645153174  0.00985482620779  0.00493111117633   2
360    0.00615224836377  0.00872717664802  0.00433870740242   2
380    0.005443175671  0.00776472568986  0.0038197164604   2
400    0.00485923345342  0.00697046654122  0.00340326532475   2
430    0.00431700139424  0.00612381511599  0.00304444887559   2
460    0.00388947227065  0.00557936504073  0.00274294570744   2
510    0.00330553005308  0.00475488836653  0.00231171723852   2
520    0.00320125465708  0.00461765204229  0.00224836662593   2
530    0.00303441402349  0.00454632707317  0.00221425277484   2
560    0.00284671831069  0.00410625104311  0.0020059859971   2
590    0.0025756022811  0.0037562452412  0.00179941598576   2
640    0.00228363117231  0.00334864134846  0.00159543360681   2
670    0.00209593545952  0.00309011964061  0.00144408980925   2
710    0.00190823974673  0.00284381770573  0.00130556722662   2
730    0.00184567450913  0.00275057797397  0.00126276174378   2
760    0.00174139911313  0.00259517794371  0.00118610494403   2
800    0.00159541355874  0.00240305574545  0.00108667099663   2
850    0.00144942800435  0.00220627810009  0.000991660352461   2
150    0.0552242497195  0.0770167484357  0.0401061731781   5
160    0.048884305643  0.0693440751867  0.0348312612351   5
170    0.0428780428336  0.061165808831  0.0310158560634   5
180    0.038206505093  0.0538926610592  0.0270857734139   5
190    0.0335349673523  0.0473031637607  0.0239776334268   5
200    0.0296142124629  0.0417726956324  0.0210653764004   5
220    0.0259437185238  0.036595233833  0.0187194918493   5
240    0.0221063839512  0.0308299653129  0.0161325060859   5
260    0.0187695712793  0.0260267544269  0.0135204150536   5
280    0.0156413093994  0.0218136541981  0.0112481584533   5
300    0.0131386998955  0.0184282131943  0.00944845256615   5
320    0.0115537138764  0.0162051271784  0.00826095094026   5
340    0.0101355684908  0.0142160498148  0.00727094312116   5
360    0.00896768405566  0.0125779867026  0.00640132488721   5
380    0.0079040750165  0.0111491910212  0.00559536276017   5
400    0.00706987184854  0.010028857414  0.00499511414659   5
430    0.00615224836377  0.00867813017072  0.00437625774644   5
460    0.00556830614619  0.00789883451595  0.00395421447354   5
500    0.00473410297822  0.0068664508154  0.00328810542056   5
530    0.00440042171104  0.00624215025181  0.00308031518214   5
560    0.00393118242905  0.00579589623549  0.00281351044121   5
570    0.00380605195386  0.00549004231901  0.00266175645388   5
580    0.00376434179546  0.00536985830608  0.00266383349706   5
590    0.00364963885986  0.00523532910707  0.00258734201429   5
620    0.00334724021147  0.00482822927997  0.00237296216784   5
650    0.00303441402349  0.00442537391463  0.00212211282265   5
660    0.00297184878589  0.00431043740317  0.00205976556798   5
700    0.0027007327563  0.00396026548872  0.00186730350728   5
730    0.0025547472019  0.00372583041721  0.00177868660474   5
760    0.00238790656831  0.00350154730397  0.00165677050264   5
800    0.00217935577632  0.00321310942798  0.00151207438887   5
850    0.00194994990513  0.00287488743317  0.00133779369559   5
150    0.063232600132  0.087177143432  0.0454725552134   7
160    0.0562252935211  0.0797575162232  0.0399945480978   7
170    0.0502190307117  0.0708370768648  0.0356018248438   7
180    0.0445464491695  0.0624804170985  0.0317455292567   7
190    0.0388738676273  0.0548340163614  0.0277949683044   7
200    0.0345360111539  0.0520190898267  0.0245476756526   7
220    0.0306152562645  0.0431847285857  0.0221616784239   7
240    0.0266110810582  0.0366880073677  0.0194215088961   7
260    0.0224400652184  0.0311164298865  0.0163760156118   7
280    0.0186027306457  0.0260920105604  0.013445082699   7
300    0.0157247297162  0.0223060703162  0.0113081473554   7
320    0.0138894827467  0.0193705257121  0.00999673532229   7
340    0.0121376560939  0.0170241587345  0.00873588641849   7
360    0.0107195107084  0.0150350826438  0.00768984584876   7
380    0.00946820595645  0.0132800139325  0.00676980514015   7
400    0.00846716215488  0.0119434609894  0.00599397684597   7
430    0.00740355311572  0.0105612175514  0.00517766355292   7
460    0.00661106010615  0.00937801703103  0.00463019353897   7
500    0.00573514677979  0.00804406142611  0.00404455773723   7
530    0.00519291472061  0.00744912523154  0.00367610930661   7
570    0.00452555218623  0.00645573024412  0.00321669421294   7
580    0.00435871155264  0.00625247850576  0.00304825800794   7
610    0.00403545782505  0.00575660711961  0.00287052841103   7
630    0.00374348671626  0.00539979547696  0.00261800171107   7
660    0.00353493592427  0.00523987492625  0.00249291833292   7
710    0.00311783434028  0.00452217806506  0.00216851136426   7
750    0.00284671831069  0.0041289451345  0.00197994531086   7
780    0.0026381675187  0.00384749003137  0.00183040583916   7
800    0.00253389212271  0.00369541527501  0.0017509435832   7
830    0.00234619640991  0.0034403851127  0.00163914411658   7
850    0.00222106593472  0.00325689790245  0.00155172309703   7
150    0.0717414724453  0.0989081051152  0.05201738415   10
160    0.0645673252008  0.0915909763438  0.0459284545765   10
170    0.0582273811242  0.0825975492998  0.0413871439747   10
180    0.0522211183148  0.0732448354726  0.036896066823   10
190    0.0470490586734  0.0667407136546  0.0336926711599   10
200    0.0427112022  0.0605873145956  0.0308681240997   10
220    0.0368717800242  0.052303892002  0.0269511242447   10
260    0.027945806127  0.0385281575211  0.0204267570633   10
280    0.0231074277527  0.0322260412793  0.0168094407758   10
300    0.0194369338137  0.0274170081807  0.0139777107804   10
320    0.017268005577  0.0239446145819  0.0124793591329   10
340    0.0150573671818  0.0209992788847  0.0108999101984   10
360    0.0132221202123  0.0185452175205  0.00957138984668   10
380    0.0118039748268  0.0164620389948  0.00842475954268   10
400    0.0105526700748  0.0148010727185  0.00745583465063   10
430    0.00896768405566  0.0126137320843  0.00645434915519   10
460    0.00819604612529  0.0116917133  0.0056926226063   10
500    0.00715329216533  0.0100331381533  0.00508079575784   10
530    0.00644421947256  0.00914134739583  0.00456191873974   10
560    0.00590198741338  0.00841922373095  0.00415014994105   10
600    0.00494265377021  0.0070901312138  0.00347439840525   10
610    0.00569343662139  0.00780400462259  0.00407039555615   10
640    0.00440042171104  0.00634739177361  0.00308796972431   10
660    0.00423358107744  0.00610673225525  0.00300131689569   10
750    0.00343066052827  0.00492120934155  0.00240273449907   10
770    0.00326381989468  0.00468187999639  0.00228588419296   10
800    0.00299270386509  0.00431682796256  0.00209294288804   10
850    0.00308655172148  0.00552257110007  0.00217270427386   10
