150    0.063232600132  0.087177143432  0.0454725552134   7
160    0.0562252935211  0.0797575162232  0.0399945480978   7
170    0.0502190307117  0.0708370768648  0.0356018248438   7
180    0.0445464491695  0.0624804170985  0.0317455292567   7
190    0.0388738676273  0.0548340163614  0.0277949683044   7
200    0.0345360111539  0.0520190898267  0.0245476756526   7
220    0.0306152562645  0.0431847285857  0.0221616784239   7
240    0.0266110810582  0.0366880073677  0.0194215088961   7
260    0.0224400652184  0.0311164298865  0.0163760156118   7
280    0.0186027306457  0.0260920105604  0.013445082699   7
300    0.0157247297162  0.0223060703162  0.0113081473554   7
320    0.0138894827467  0.0193705257121  0.00999673532229   7
340    0.0121376560939  0.0170241587345  0.00873588641849   7
360    0.0107195107084  0.0150350826438  0.00768984584876   7
380    0.00946820595645  0.0132800139325  0.00676980514015   7
400    0.00846716215488  0.0119434609894  0.00599397684597   7
430    0.00740355311572  0.0105612175514  0.00517766355292   7
460    0.00661106010615  0.00937801703103  0.00463019353897   7
500    0.00573514677979  0.00804406142611  0.00404455773723   7
530    0.00519291472061  0.00744912523154  0.00367610930661   7
570    0.00452555218623  0.00645573024412  0.00321669421294   7
580    0.00435871155264  0.00625247850576  0.00304825800794   7
610    0.00403545782505  0.00575660711961  0.00287052841103   7
630    0.00374348671626  0.00539979547696  0.00261800171107   7
660    0.00353493592427  0.00523987492625  0.00249291833292   7
710    0.00311783434028  0.00452217806506  0.00216851136426   7
750    0.00284671831069  0.0041289451345  0.00197994531086   7
780    0.0026381675187  0.00384749003137  0.00183040583916   7
800    0.00253389212271  0.00369541527501  0.0017509435832   7
830    0.00234619640991  0.0034403851127  0.00163914411658   7
850    0.00222106593472  0.00325689790245  0.00155172309703   7
