150    0.0552242497195  0.0770167484357  0.0401061731781   5
160    0.048884305643  0.0693440751867  0.0348312612351   5
170    0.0428780428336  0.061165808831  0.0310158560634   5
180    0.038206505093  0.0538926610592  0.0270857734139   5
190    0.0335349673523  0.0473031637607  0.0239776334268   5
200    0.0296142124629  0.0417726956324  0.0210653764004   5
220    0.0259437185238  0.036595233833  0.0187194918493   5
240    0.0221063839512  0.0308299653129  0.0161325060859   5
260    0.0187695712793  0.0260267544269  0.0135204150536   5
280    0.0156413093994  0.0218136541981  0.0112481584533   5
300    0.0131386998955  0.0184282131943  0.00944845256615   5
320    0.0115537138764  0.0162051271784  0.00826095094026   5
340    0.0101355684908  0.0142160498148  0.00727094312116   5
360    0.00896768405566  0.0125779867026  0.00640132488721   5
380    0.0079040750165  0.0111491910212  0.00559536276017   5
400    0.00706987184854  0.010028857414  0.00499511414659   5
430    0.00615224836377  0.00867813017072  0.00437625774644   5
460    0.00556830614619  0.00789883451595  0.00395421447354   5
500    0.00473410297822  0.0068664508154  0.00328810542056   5
530    0.00440042171104  0.00624215025181  0.00308031518214   5
560    0.00393118242905  0.00579589623549  0.00281351044121   5
570    0.00380605195386  0.00549004231901  0.00266175645388   5
580    0.00376434179546  0.00536985830608  0.00266383349706   5
590    0.00364963885986  0.00523532910707  0.00258734201429   5
620    0.00334724021147  0.00482822927997  0.00237296216784   5
650    0.00303441402349  0.00442537391463  0.00212211282265   5
660    0.00297184878589  0.00431043740317  0.00205976556798   5
700    0.0027007327563  0.00396026548872  0.00186730350728   5
730    0.0025547472019  0.00372583041721  0.00177868660474   5
760    0.00238790656831  0.00350154730397  0.00165677050264   5
800    0.00217935577632  0.00321310942798  0.00151207438887   5
850    0.00194994990513  0.00287488743317  0.00133779369559   5
