150    0.0348696924211  0.0480739412154  0.025328093999   0.1
160    0.0294473718293  0.0415373555339  0.0211942797305   0.1
170    0.0257768778902  0.0365653895833  0.0182053919987   0.1
180    0.0244421528215  0.0340874716582  0.0175918524727   0.1
190    0.0207716588824  0.0292997213308  0.0148026918385   0.1
200    0.0191032525465  0.0269463305296  0.0137040833329   0.1
220    0.0161418313002  0.022640375301  0.011559453351   0.1
240    0.0142231640139  0.0199492719803  0.0101854620784   0.1
260    0.0128050186283  0.0178581124154  0.00920849186606   0.1
280    0.0113868732428  0.0158803408876  0.00821611137437   0.1
300    0.0101355684908  0.0142160498148  0.00728880626532   0.1
320    0.00905110437246  0.0126949910288  0.00648165780199   0.1
340    0.0080709156501  0.0113845298467  0.00580404975172   0.1
360    0.00732013279893  0.0103255044953  0.00523766582042   0.1
380    0.00665277026455  0.00943718428072  0.00474823018138   0.1
400    0.00606882804697  0.00870560429361  0.00430238030859   0.1
430    0.0053180451958  0.0076286222404  0.00375040807204   0.1
460    0.00465068266143  0.00674545660607  0.00327976860774   0.1
500    0.00399374766665  0.0057926229911  0.00278741486145   0.1
530    0.00357664608267  0.00521616252045  0.00248964286096   0.1
560    0.00322210973628  0.00472479558448  0.00222931094013   0.1
630    0.0025964573603  0.00386945698262  0.00176850377883   0.1
675    0.00228363117231  0.00343966783749  0.00154414110977   0.1
695    0.00215850069712  0.00328560864091  0.001459530638   0.1
700    0.00213764561792  0.00323682183378  0.00144542889271   0.1
730    0.00199166006353  0.00304752609446  0.00133687021171   0.1
760    0.00186652958833  0.00287093860081  0.00126210620388   0.1
800    0.00172054403394  0.0026463959765  0.00114638177163   0.1
830    0.00161626863794  0.00251177831142  0.00107690408851   0.1
850    0.00155370340034  0.0024269344229  0.00102753620571   0.1
