150    0.0930970735453  0.130577052036  0.0667849594159   5
160    0.0837539980641  0.118807934112  0.0585968714178   5
170    0.0744109225828  0.106147668878  0.051860899774   5
180    0.0690720223078  0.0990823387115  0.0484376831241   5
190    0.0645673252008  0.0910762387738  0.0460131834273   5
200    0.064901006468  0.0879251462848  0.0494887974454   5
220    0.0565589747883  0.0766237147129  0.0421732699734   5
240    0.0505527119789  0.068889693112  0.0374262547684   5
260    0.0438790866352  0.0608447648457  0.032382385637   5
280    0.0385401863602  0.0531343579561  0.0280871252555   5
300    0.0329510251348  0.045954100825  0.0237755591145   5
320    0.0297810530965  0.0415332008111  0.0213640072855   5
340    0.0267779216918  0.0375584548915  0.0192096536738   5
360    0.0244421528215  0.0344771831302  0.0174184284364   5
380    0.022606905852  0.0317082283997  0.0159725772614   5
400    0.0207716588824  0.0292997213308  0.0147044372264   5
430    0.0179353681113  0.0257279020585  0.013337678532   5
460    0.0156413093994  0.0221877370897  0.0107646169454   5
500    0.0132221202123  0.0190722576015  0.00959973653773   5
530    0.0119708154604  0.0168855826903  0.00857333670726   5
560    0.010886351342  0.0152690912961  0.00782198996448   5
570    0.010469249758  0.0147675307146  0.00760320956775   5
580    0.00955162627324  0.0138538964766  0.00679432615124   5
590    0.00980188722363  0.0136698908807  0.00704884556523   5
620    0.00871742310527  0.0122964698642  0.00631100676315   5
650    0.00786236485811  0.011090356633  0.00567302960053   5
660    0.00719500232373  0.0104357955837  0.00512118019816   5
700    0.00627737883896  0.00965533523185  0.00441881056001   5
730    0.00611053820537  0.00857058153032  0.00443847580246   5
760    0.0054014655126  0.00783440894521  0.00379613357146   5
800    0.00490094361182  0.00986292817184  0.0048816497359   5
850    0.005234624879  0.00730030303505  0.00455457732926   5
