150    0.0191032525465  0.0267940365174  0.0137492633977   0.1
250    0.00732013279893  0.0101504339719  0.00529943390877   0.1
350    0.00355579100347  0.00501566500436  0.00252932880124   0.1
450    0.00217935577632  0.00312623925288  0.00153309112549   0.1
550    0.00155370340034  0.00226591313796  0.00111193537724   0.1
700    0.00109489165796  0.00155750585001  0.000782542804852   0.1
850    0.000740355311572  0.00107677934499  0.000506915642408   0.1
150    0.0191032525465  0.0267940365174  0.0137492633977   0.1
250    0.00732013279893  0.0101504339719  0.00529943390877   0.1
350    0.00355579100347  0.00501566500436  0.00252932880124   0.1
450    0.00217935577632  0.00312623925288  0.00153309112549   0.1
550    0.00155370340034  0.00226591313796  0.00111193537724   0.1
700    0.00109489165796  0.00155750585001  0.000782542804852   0.1
850    0.000740355311572  0.00107677934499  0.000506915642408   0.1
150    0.0191032525465  0.0267940365174  0.0137492633977   0.1
250    0.00732013279893  0.0101504339719  0.00529943390877   0.1
350    0.00355579100347  0.00501566500436  0.00252932880124   0.1
450    0.00217935577632  0.00312623925288  0.00153309112549   0.1
550    0.00155370340034  0.00226591313796  0.00111193537724   0.1
650    0.00124087721235  0.00176517325425  0.000886881845499   0.1
750    0.000948906103564  0.00136496789307  0.000682373761731   0.1
850    0.000740355311572  0.00107677934499  0.000506915642408   0.1
150    0.0196037744473  0.0273397817613  0.0140740598716   0.1
250    0.00677790073975  0.00956065172118  0.00487027166344   0.1
350    0.00353493592427  0.00501442870702  0.00251449386956   0.1
450    0.00222106593472  0.00316836532907  0.00157314206784   0.1
550    0.00153284832114  0.0022110582907  0.00107829854281   0.1
650    0.00113660181636  0.00165308372713  0.000795704518654   0.1
750    0.000865485786768  0.00128636913591  0.00060590344081   0.1
850    0.000698645153174  0.00103839438093  0.000471363740429   0.1
150    0.0196037744473  0.0273397817613  0.0140740598716   0.1
250    0.00677790073975  0.00956065172118  0.00487027166344   0.1
350    0.00353493592427  0.00501442870702  0.00251449386956   0.1
450    0.00222106593472  0.00316836532907  0.00157314206784   0.1
550    0.00153284832114  0.0022110582907  0.00107829854281   0.1
650    0.00113660181636  0.00165308372713  0.000795704518654   0.1
750    0.000865485786768  0.00128636913591  0.00060590344081   0.1
850    0.000698645153174  0.00103839438093  0.000471363740429   0.1
150    0.0196037744473  0.0273397817613  0.0140740598716   0.1
250    0.00677790073975  0.00956065172118  0.00487027166344   0.1
350    0.00353493592427  0.00501442870702  0.00251449386956   0.1
450    0.00222106593472  0.00316836532907  0.00157314206784   0.1
550    0.00153284832114  0.0022110582907  0.00107829854281   0.1
650    0.00113660181636  0.00165308372713  0.000795704518654   0.1
750    0.000865485786768  0.00128636913591  0.00060590344081   0.1
850    0.000698645153174  0.00103839438093  0.000471363740429   0.1
150    0.0196037744473  0.0273397817613  0.0140740598716   0.1
200    0.0105526700748  0.0147169459461  0.00755695581773   0.1
250    0.00677790073975  0.00956065172118  0.00487027166344   0.1
300    0.00469239281982  0.00661891321962  0.00333782398538   0.1
350    0.00353493592427  0.00501442870702  0.00251449386956   0.1
400    0.0027320153751  0.00387545803675  0.00193503859987   0.1
450    0.00222106593472  0.00316836532907  0.00157314206784   0.1
500    0.00182481942993  0.00261766455353  0.00128368874144   0.1
550    0.00153284832114  0.0022110582907  0.00107829854281   0.1
600    0.00132429752915  0.00190495520541  0.000927105264853   0.1
650    0.00113660181636  0.00165308372713  0.000795704518654   0.1
700    0.000969761182764  0.00142589125778  0.000663988094986   0.1
750    0.000865485786768  0.00128636913591  0.00060590344081   0.1
150    0.0196037744473  0.0273397817613  0.0140740598716   0.1
200    0.0105526700748  0.0147169459461  0.00755695581773   0.1
250    0.00677790073975  0.00956065172118  0.00487027166344   0.1
300    0.00469239281982  0.00661891321962  0.00333782398538   0.1
350    0.00353493592427  0.00501442870702  0.00251449386956   0.1
400    0.0027320153751  0.00387545803675  0.00193503859987   0.1
450    0.00222106593472  0.00316836532907  0.00157314206784   0.1
500    0.00182481942993  0.00261766455353  0.00128368874144   0.1
550    0.00153284832114  0.0022110582907  0.00107829854281   0.1
600    0.00132429752915  0.00190495520541  0.000927105264853   0.1
650    0.00113660181636  0.00165308372713  0.000795704518654   0.1
700    0.000969761182764  0.00142589125778  0.000663988094986   0.1
750    0.000865485786768  0.00128636913591  0.00060590344081   0.1
800    0.000761210390771  0.00114352174014  0.000532903026254   0.1
850    0.000698645153174  0.00103839438093  0.000471363740429   0.1
