150    0.150156570234  0.218987577887  0.111185423031   10
160    0.143482944891  0.202391639457  0.100860173114   10
170    0.129134650402  0.185240902968  0.0932588837057   10
180    0.117122124783  0.165208071925  0.0827509176337   10
190    0.105776961698  0.151734794646  0.0767978923019   10
200    0.100438061423  0.140873453106  0.0720511622249   10
220    0.0917623484766  0.127973446109  0.0668573055635   10
260    0.0757456476516  0.105032410931  0.0551876667742   10
280    0.0635662813992  0.0886506953048  0.0458657671412   10
300    0.054223205918  0.0756206699235  0.0395065896511   10
320    0.047215899307  0.0669773801076  0.0339252618094   10
340    0.0432117241008  0.0606083478798  0.0312806305399   10
360    0.0395412301617  0.0554601473451  0.0283656571599   10
380    0.0362044174898  0.0507799641151  0.0258398962777   10
400    0.0333681267188  0.0468018119337  0.0237356360979   10
430    0.0292805311957  0.0413020179813  0.0207578759968   10
460    0.0257768778902  0.0365653895833  0.0192569441952   10
500    0.0221063839512  0.0315349011033  0.0158874461764   10
530    0.0204379776152  0.0288290436797  0.0153156970011   10
560    0.0182690493785  0.0275173426999  0.014192132155   10
600    0.0154744687658  0.021951068091  0.0105894655933   10
610    0.014973946865  0.0215991819078  0.011069035675   10
640    0.0129718592619  0.0187112676875  0.0091029251201   10
660    0.0128050186283  0.0190831051958  0.00927023481477   10
750    0.00988530754043  0.0144166819393  0.00703168251222   10
770    0.00946820595645  0.0134309764986  0.00664808601825   10
800    0.00863400278848  0.0123164619219  0.00612091228346   10
850    0.00727842264053  0.0103246936625  0.00523764099901   10
