150    0.0452138117039  0.0630560040464  0.0327830490806   10
250    0.0224400652184  0.0304008527104  0.0167451316748   10
350    0.0108029310252  0.0151520869699  0.00782015763498   10
450    0.00661106010615  0.00937801703103  0.00474509186364   10
550    0.00515120456221  0.00710183228287  0.00382481026003   10
700    0.00305526910269  0.00438271831495  0.00251573923627   10
850    0.00280500815229  0.00355412733229  0.00236099029079   10
150    0.0428780428336  0.0597985027926  0.0310390812694   10
250    0.015808150033  0.0221723579963  0.011349082322   10
350    0.00913452468926  0.0127391744183  0.0065528252506   10
450    0.00586027725498  0.00821956791536  0.00420398185966   10
550    0.00403545782505  0.00569226492336  0.00287052841103   10
650    0.00282586323149  0.00400858450766  0.0020049158123   10
750    0.00220021085552  0.00313861527346  0.00155837078081   10
850    0.00180396435073  0.00260212968981  0.00126224654033   10
150    0.0428780428336  0.0597985027926  0.0310390812694   10
250    0.015808150033  0.0221723579963  0.011349082322   10
350    0.00913452468926  0.0127391744183  0.0065528252506   10
450    0.00586027725498  0.00821956791536  0.00420398185966   10
550    0.00403545782505  0.00569226492336  0.00287052841103   10
650    0.00282586323149  0.00400858450766  0.0020049158123   10
750    0.00220021085552  0.00313861527346  0.00155837078081   10
850    0.00180396435073  0.00260212968981  0.00126224654033   10
150    0.0428780428336  0.0597985027926  0.0310390812694   10
250    0.015808150033  0.0221723579963  0.011349082322   10
350    0.00913452468926  0.0127391744183  0.0065528252506   10
450    0.00586027725498  0.00821956791536  0.00420398185966   10
550    0.00403545782505  0.00569226492336  0.00287052841103   10
650    0.00282586323149  0.00400858450766  0.0020049158123   10
750    0.00220021085552  0.00313861527346  0.00155837078081   10
850    0.00180396435073  0.00260212968981  0.00126224654033   10
150    0.0428780428336  0.0597985027926  0.0310390812694   10
250    0.015808150033  0.0221723579963  0.011349082322   10
350    0.00913452468926  0.0127391744183  0.0065528252506   10
450    0.00586027725498  0.00821956791536  0.00420398185966   10
550    0.00403545782505  0.00569226492336  0.00287052841103   10
650    0.00282586323149  0.00400858450766  0.0020049158123   10
750    0.00220021085552  0.00313861527346  0.00155837078081   10
850    0.00180396435073  0.00260212968981  0.00126224654033   10
150    0.0428780428336  0.0597985027926  0.0310390812694   10
250    0.015808150033  0.0221723579963  0.011349082322   10
350    0.00913452468926  0.0127391744183  0.0065528252506   10
450    0.00586027725498  0.00821956791536  0.00420398185966   10
550    0.00403545782505  0.00569226492336  0.00287052841103   10
650    0.00282586323149  0.00400858450766  0.0020049158123   10
750    0.00220021085552  0.00313861527346  0.00155837078081   10
850    0.00180396435073  0.00260212968981  0.00126224654033   10
150    0.0428780428336  0.0597985027926  0.0310390812694   10
200    0.0241084715543  0.0336221146999  0.0173516906555   10
250    0.015808150033  0.0221723579963  0.011349082322   10
300    0.0114702935596  0.0160881228522  0.00818660380489   10
350    0.00913452468926  0.0127391744183  0.0065528252506   10
400    0.00706987184854  0.00991613382708  0.00505439309264   10
450    0.00586027725498  0.00821956791536  0.00420398185966   10
500    0.00477581313662  0.0067365826324  0.00342602083322   10
550    0.00403545782505  0.00569226492336  0.00287052841103   10
600    0.00339937790947  0.00479503477586  0.00242213975312   10
650    0.00282586323149  0.00400858450766  0.0020049158123   10
700    0.00245047180591  0.00349561403139  0.00173562622508   10
750    0.00220021085552  0.00313861527346  0.00155837078081   10
800    0.00192909482593  0.00275186645993  0.0013570423838   10
850    0.00180396435073  0.00260212968981  0.00126224654033   10
