150    0.0608968312617  0.0849278294554  0.0444442053108   5
160    0.0545568871852  0.076520961697  0.0390038121839   5
170    0.0495516681773  0.0698957215626  0.0350368461864   5
180    0.0445464491695  0.0628355491589  0.0311827170632   5
190    0.0398749114289  0.056563939071  0.0283640838641   5
200    0.0362044174898  0.0510685900611  0.0258863008656   5
220    0.031616300066  0.0440926679004  0.0226409964727   5
240    0.0284463280277  0.0394449918122  0.0207926094286   5
260    0.0255266169398  0.0349893850973  0.0188384220626   5
280    0.0227737464855  0.0312160184904  0.0167616525533   5
300    0.0204379776152  0.0280143768738  0.0149932350129   5
320    0.0182690493785  0.0251870650901  0.0133140269068   5
340    0.0163086719338  0.0226143573677  0.011767396973   5
360    0.0145568452811  0.0204172905579  0.0105027141154   5
380    0.0132221202123  0.0185452175205  0.00950027140445   5
400    0.0120542357771  0.0169071544083  0.00863225383347   5
430    0.0105526700748  0.014885199491  0.00753167488951   5
460    0.00921794500605  0.0131494596602  0.00655696979027   5
500    0.00782065469971  0.0112185624177  0.00551530606317   5
530    0.00694474137334  0.010017447201  0.0048638941512   5
560    0.00615224836377  0.00894788484122  0.00430885487893   5
570    0.00590198741338  0.00860742860095  0.00414470164072   5
580    0.00573514677979  0.00827266664759  0.00398338759038   5
590    0.00552659598779  0.00797184256786  0.00384515681847   5
620    0.00498436392861  0.00722943535275  0.00347881025245   5
650    0.00456726234463  0.00666087222861  0.00316786921902   5
660    0.00444213186943  0.00647838264826  0.00307880744037   5
700    0.00399374766665  0.00588813833735  0.00275834644006   5
730    0.00374348671626  0.00548932568024  0.00259458207066   5
760    0.00349322576587  0.00512235094151  0.00242960304311   5
800    0.00315954449868  0.00463305182024  0.00220094467834   5
850    0.0027424429147  0.00404329089046  0.00191200194115   5
