150    0.0618978750633  0.0868173627663  0.0444036203898   0.1
160    0.0538895246508  0.0764441502407  0.0377664965262   0.1
170    0.0482169431086  0.0691661756585  0.0338359556353   0.1
180    0.0438790866352  0.0618941887651  0.0311072446904   0.1
190    0.0402085926961  0.0567167320573  0.0287493020238   0.1
200    0.0372054612914  0.0521840211207  0.0266900462494   0.1
220    0.0331178657684  0.0498830378708  0.0242072327777   0.1
240    0.0302815749973  0.0411449047961  0.0226525008798   0.1
260    0.0256100372566  0.0356141413566  0.0187796258612   0.1
280    0.0222732245848  0.0310626450649  0.0161247732609   0.1
300    0.0194369338137  0.0271071020093  0.013965698489   0.1
320    0.0174348462105  0.0244539474482  0.0124247494767   0.1
340    0.015808150033  0.0222983820424  0.011206887443   0.1
360    0.0144734249643  0.0205310528256  0.0102530399687   0.1
380    0.0133055405291  0.0188743685614  0.00941910665408   0.1
400    0.0123044967275  0.0175033991369  0.00868135822741   0.1
430    0.0107195107084  0.0152914522078  0.00757371345431   0.1
460    0.00930136532285  0.0133426097196  0.00667606038809   0.1
500    0.00782065469971  0.0112809087177  0.00556650054745   0.1
530    0.00698645153174  0.010021915692  0.00490270084063   0.1
560    0.00623566868057  0.0091934901854  0.00451171583913   0.1
630    0.00485923345342  0.00708668167372  0.0033982972233   0.1
675    0.00435871155264  0.00628722657579  0.00305514181338   0.1
695    0.00396246504785  0.00577883883261  0.00276558124575   0.1
700    0.00411887814185  0.00594127907504  0.00293498962278   0.1
730    0.00372263163706  0.00542906692479  0.00263891852558   0.1
760    0.00334724021147  0.00493496708751  0.00233169370332   0.1
800    0.00297184878589  0.00442889664606  0.00203369130919   0.1
830    0.0027632979939  0.00416215523155  0.00189776447364   0.1
850    0.0026381675187  0.00397368019001  0.00179691347809   0.1
150    0.0750782851172  0.105304076851  0.0535037056856   2
160    0.0670699347047  0.0951410138709  0.0474793881617   2
170    0.0588947436586  0.0854222822023  0.0418201567214   2
180    0.054223205918  0.0769174882382  0.0382568301913   2
190    0.0507195526125  0.0711387525099  0.0363211774206   2
200    0.0468822180398  0.0665040421101  0.0337695615355   2
220    0.0422106802992  0.0585312766948  0.0309031439324   2
240    0.0377059831922  0.052284854614  0.0278266887984   2
260    0.0327841845012  0.0454600655871  0.0241174072633   2
280    0.0284463280277  0.0395583785765  0.0206932104858   2
300    0.0249426747223  0.0349843546241  0.0180573303558   2
320    0.0224400652184  0.0312953248169  0.0160966105029   2
340    0.0202711369816  0.0284320996296  0.0145898310307   2
360    0.0184358900121  0.0260049726816  0.0131039524619   2
380    0.0169343243098  0.0240219224665  0.0120280065436   2
400    0.0156413093994  0.0221877370897  0.0110245264248   2
430    0.0135558014795  0.0192293720596  0.00961012716343   2
460    0.0116371341932  0.0166004482899  0.00819416860809   2
510    0.00955162627324  0.0138538964766  0.00683600957889   2
520    0.00921794500605  0.0138108357787  0.0065971970283   2
530    0.00880084342207  0.0126246216841  0.00618117740338   2
560    0.00815433596689  0.0115672065424  0.00580039591231   2
590    0.00736184295732  0.0104430281618  0.00525431080597   2
640    0.00615224836377  0.00877622248888  0.00438348650588   2
670    0.00556830614619  0.00798761625814  0.00397422403355   2
710    0.00502607408701  0.00716972775997  0.00359109373664   2
730    0.00469239281982  0.00673113719607  0.00333789526739   2
760    0.00413973322104  0.00607036824752  0.00288428265653   2
800    0.00374348671626  0.00551916865704  0.0026031215917   2
850    0.00328467497388  0.00486891030436  0.00225986800991   2
150    0.0930970735453  0.130577052036  0.0667849594159   5
160    0.0837539980641  0.118807934112  0.0585968714178   5
170    0.0744109225828  0.106147668878  0.051860899774   5
180    0.0690720223078  0.0990823387115  0.0484376831241   5
190    0.0645673252008  0.0910762387738  0.0460131834273   5
200    0.064901006468  0.0879251462848  0.0494887974454   5
220    0.0565589747883  0.0766237147129  0.0421732699734   5
240    0.0505527119789  0.068889693112  0.0374262547684   5
260    0.0438790866352  0.0608447648457  0.032382385637   5
280    0.0385401863602  0.0531343579561  0.0280871252555   5
300    0.0329510251348  0.045954100825  0.0237755591145   5
320    0.0297810530965  0.0415332008111  0.0213640072855   5
340    0.0267779216918  0.0375584548915  0.0192096536738   5
360    0.0244421528215  0.0344771831302  0.0174184284364   5
380    0.022606905852  0.0317082283997  0.0159725772614   5
400    0.0207716588824  0.0292997213308  0.0147044372264   5
430    0.0179353681113  0.0257279020585  0.013337678532   5
460    0.0156413093994  0.0221877370897  0.0107646169454   5
500    0.0132221202123  0.0190722576015  0.00959973653773   5
530    0.0119708154604  0.0168855826903  0.00857333670726   5
560    0.010886351342  0.0152690912961  0.00782198996448   5
570    0.010469249758  0.0147675307146  0.00760320956775   5
580    0.00955162627324  0.0138538964766  0.00679432615124   5
590    0.00980188722363  0.0136698908807  0.00704884556523   5
620    0.00871742310527  0.0122964698642  0.00631100676315   5
650    0.00786236485811  0.011090356633  0.00567302960053   5
660    0.00719500232373  0.0104357955837  0.00512118019816   5
700    0.00627737883896  0.00965533523185  0.00441881056001   5
730    0.00611053820537  0.00857058153032  0.00443847580246   5
760    0.0054014655126  0.00783440894521  0.00379613357146   5
800    0.00490094361182  0.00986292817184  0.0048816497359   5
850    0.005234624879  0.00730030303505  0.00455457732926   5
150    0.103107511561  0.144617601726  0.0739661432131   7
160    0.0930970735453  0.133545764414  0.0652436692683   7
170    0.0830866355297  0.121835505063  0.0588126777   7
180    0.0777477352547  0.110907657408  0.0544866438569   7
190    0.0730761975141  0.103078540516  0.0519041068546   7
200    0.0697393848422  0.0983717589134  0.0500288808612   7
220    0.064901006468  0.0874077509142  0.0485499828377   7
240    0.0588947436586  0.0797881165714  0.0447093591095   7
260    0.0515537557805  0.0710758257707  0.0377480854016   7
280    0.0448801304367  0.0620539673882  0.0327616186538   7
300    0.0395412301617  0.0545144692982  0.0286700466129   7
320    0.0348696924211  0.0486299103361  0.0254057761141   7
340    0.0312826187988  0.0436273083963  0.0224411828184   7
360    0.0284463280277  0.0401253200349  0.0203392367581   7
380    0.026277399791  0.0368564263886  0.0186775793009   7
400    0.0241084715543  0.0341986995958  0.0166869579181   7
430    0.020938499516  0.0298689081726  0.015452431169   7
460    0.0181022087449  0.0269774196686  0.012742616321   7
500    0.0153493382906  0.0222018483817  0.0110455698922   7
530    0.0139729030635  0.0196539557087  0.010056776413   7
570    0.0123044967275  0.0170619827505  0.00896720990302   7
580    0.0124713373611  0.0169950642188  0.00932933523757   7
610    0.010052148174  0.0144195917728  0.00699712983126   7
630    0.00980188722363  0.0137480325101  0.00721067481901   7
660    0.00838374183809  0.0120931341149  0.00619742715564   7
710    0.00761210390771  0.010494610242  0.00555169234653   7
750    0.00636079915576  0.00937797502556  0.0045713877909   7
780    0.00586027725498  0.00849987996056  0.00413280295501   7
800    0.00552659598779  0.00801590121388  0.00387737055851   7
830    0.00502607408701  0.00728993277564  0.00353303804078   7
850    0.00490094361182  0.00718658213642  0.00374891974188   7
150    0.11512003718  0.160548499379  0.0823112807517   10
160    0.10444223663  0.148987535104  0.0731945052827   10
170    0.0971012487516  0.137741474378  0.0679076103248   10
180    0.0897602608734  0.12732802825  0.0634187989226   10
190    0.0850887231328  0.120022956321  0.0608848660674   10
200    0.0830866355297  0.112562265584  0.0609520900934   10
220    0.0770803727203  0.103810749312  0.0584042368801   10
260    0.0625652375977  0.0862570658095  0.0458107832544   10
280    0.0548905684523  0.0756762037001  0.040002875364   10
300    0.0478832618414  0.0660154090301  0.0351123949327   10
320    0.0422106802992  0.0585312766948  0.0306055771859   10
340    0.038206505093  0.0529789020776  0.0274081666658   10
360    0.0348696924211  0.0486299103361  0.0248037409952   10
380    0.0319499813332  0.0448127332972  0.0227687974775   10
400    0.0294473718293  0.0413025984205  0.0208460492962   10
430    0.025443196623  0.0360920515858  0.0186085604957   10
460    0.0221063839512  0.0308299653129  0.0156479513552   10
500    0.0186027306457  0.0286873044965  0.0134226581428   10
530    0.017268005577  0.024013444999  0.0126219066033   10
560    0.0148071062314  0.0213585211166  0.0112610019438   10
600    0.0127215983115  0.0180460257929  0.00890517737115   10
610    0.0128050186283  0.0177560302141  0.00939372071218   10
640    0.0114702935596  0.015905238675  0.00838691706972   10
660    0.010469249758  0.0146006060701  0.00765496794363   10
750    0.0080083504125  0.0113601208502  0.00579767128481   10
770    0.00727842264053  0.0103827178542  0.00515057002504   10
800    0.00681961089814  0.00945638714478  0.00488364499571   10
850    0.00552659598779  0.00783966726626  0.00395769424482   10
