150    0.103107511561  0.144617601726  0.0739661432131   7
160    0.0930970735453  0.133545764414  0.0652436692683   7
170    0.0830866355297  0.121835505063  0.0588126777   7
180    0.0777477352547  0.110907657408  0.0544866438569   7
190    0.0730761975141  0.103078540516  0.0519041068546   7
200    0.0697393848422  0.0983717589134  0.0500288808612   7
220    0.064901006468  0.0874077509142  0.0485499828377   7
240    0.0588947436586  0.0797881165714  0.0447093591095   7
260    0.0515537557805  0.0710758257707  0.0377480854016   7
280    0.0448801304367  0.0620539673882  0.0327616186538   7
300    0.0395412301617  0.0545144692982  0.0286700466129   7
320    0.0348696924211  0.0486299103361  0.0254057761141   7
340    0.0312826187988  0.0436273083963  0.0224411828184   7
360    0.0284463280277  0.0401253200349  0.0203392367581   7
380    0.026277399791  0.0368564263886  0.0186775793009   7
400    0.0241084715543  0.0341986995958  0.0166869579181   7
430    0.020938499516  0.0298689081726  0.015452431169   7
460    0.0181022087449  0.0269774196686  0.012742616321   7
500    0.0153493382906  0.0222018483817  0.0110455698922   7
530    0.0139729030635  0.0196539557087  0.010056776413   7
570    0.0123044967275  0.0170619827505  0.00896720990302   7
580    0.0124713373611  0.0169950642188  0.00932933523757   7
610    0.010052148174  0.0144195917728  0.00699712983126   7
630    0.00980188722363  0.0137480325101  0.00721067481901   7
660    0.00838374183809  0.0120931341149  0.00619742715564   7
710    0.00761210390771  0.010494610242  0.00555169234653   7
750    0.00636079915576  0.00937797502556  0.0045713877909   7
780    0.00586027725498  0.00849987996056  0.00413280295501   7
800    0.00552659598779  0.00801590121388  0.00387737055851   7
830    0.00502607408701  0.00728993277564  0.00353303804078   7
850    0.00490094361182  0.00718658213642  0.00374891974188   7
