150    0.0807508666594  0.112616633391  0.0578271377354   0.1
160    0.0717414724453  0.103483544525  0.0520868942919   0.1
170    0.0642336439336  0.0906055636685  0.0453833406876   0.1
180    0.0575600185898  0.0809625640429  0.0409439735418   0.1
190    0.0515537557805  0.0723088008632  0.0366098059123   0.1
200    0.0465485367727  0.0652885260182  0.0331112110837   0.1
220    0.0408759552305  0.0570063508598  0.0293209633695   0.1
240    0.0362044174898  0.0504913432607  0.0260133610466   0.1
260    0.0314494594324  0.0438599881483  0.0226532467951   0.1
280    0.0266110810582  0.0373244436933  0.0191204213275   0.1
300    0.0227737464855  0.0319422370521  0.0163632434032   0.1
320    0.020104296348  0.0283583660287  0.0144697488492   0.1
340    0.0184358900121  0.0260049726816  0.0131581038767   0.1
360    0.0169343243098  0.0238869219788  0.0120458346832   0.1
380    0.0154744687658  0.021951068091  0.0109888650541   0.1
400    0.0142231640139  0.0201760493274  0.0100491683315   0.1
430    0.0124713373611  0.0178898672775  0.00881144025644   0.1
460    0.0110114818172  0.0157957355074  0.00775362160762   0.1
500    0.00942649579805  0.0135972557864  0.00661980615408   0.1
530    0.00846716215488  0.0124159677878  0.00602666473866   0.1
560    0.00761210390771  0.0111014537143  0.00532351290776   0.1
630    0.00606882804697  0.00894751061068  0.00420060932961   0.1
675    0.0053180451958  0.00788299781747  0.00362617244064   0.1
695    0.00502607408701  0.00745020591771  0.00347743648266   0.1
700    0.00494265377021  0.00736595440177  0.00341372405023   0.1
730    0.00460897250303  0.00686867455951  0.00314268248488   0.1
760    0.00427529123584  0.00640547770068  0.00291515794957   0.1
800    0.00395203750825  0.00595266764887  0.00271416145941   0.1
830    0.00364963885986  0.00555537673537  0.00246329461194   0.1
850    0.00349322576587  0.00534513745079  0.00235615234265   0.1
150    0.0991033363547  0.139791443125  0.0710936717308   2
160    0.0904276234078  0.127553808922  0.0637819960331   2
170    0.0810845479266  0.114374814325  0.05728909604   2
180    0.0770803727203  0.105039732612  0.0580325724852   2
190    0.0642336439336  0.0900934838991  0.0456911007613   2
200    0.0585610623914  0.0826040359626  0.0420791471721   2
220    0.0515537557805  0.0718978091657  0.0371345000515   2
240    0.0458811742383  0.0639867230545  0.0334286527817   2
260    0.0405422739633  0.0562177885439  0.0293507108793   2
280    0.0338686486195  0.0472338369154  0.0243350821524   2
300    0.0289468499285  0.0406005724635  0.0207987027675   2
320    0.025443196623  0.0358892160835  0.0182203281254   2
340    0.0233576887031  0.0329474788548  0.0168113272033   2
360    0.0214390214168  0.0300701652876  0.0152501468293   2
380    0.0196037744473  0.0276523482791  0.0139446855711   2
400    0.0179353681113  0.0254419390047  0.0127149385353   2
430    0.0157247297162  0.0224314299121  0.0111100775645   2
460    0.0138894827467  0.0198134390206  0.00979677337593   2
510    0.0113868732428  0.016334226534  0.00801794929875   2
520    0.0109697716588  0.015823356013  0.00772425214702   2
530    0.0105526700748  0.0153058333531  0.00743055372241   2
560    0.00988530754043  0.014101456348  0.00697134738319   2
590    0.00896768405566  0.0128282056475  0.00632421748333   2
640    0.00769552422451  0.0110390654089  0.00544573164018   2
670    0.00694474137334  0.0100728116828  0.00490601640871   2
710    0.00631908899736  0.00916535097591  0.0044950326668   2
730    0.00561001630459  0.00844996027864  0.00381340036525   2
760    0.005443175671  0.00802508640989  0.00380509855699   2
800    0.00481752329502  0.00721788002993  0.00330855571978   2
850    0.00444213186943  0.00662003463837  0.00309497349991   2
150    0.121793662523  0.173739469353  0.0881654786696   5
160    0.111115861973  0.161164986925  0.0804214928622   5
170    0.103107511561  0.145439585121  0.0728491032166   5
180    0.0904276234078  0.128274704245  0.0644422354582   5
190    0.0810845479266  0.115667645939  0.0588703041127   5
200    0.0757456476516  0.10624011146  0.054337582993   5
220    0.0677372972391  0.0939276616971  0.0487120221188   5
240    0.0612305125289  0.0849050548535  0.0443962325187   5
260    0.0535558433836  0.074689956007  0.0388945063147   5
280    0.0452138117039  0.0630560040464  0.0325146748626   5
300    0.038206505093  0.0535880730348  0.0274755001606   5
320    0.0337018079859  0.04780717848  0.0242152036338   5
340    0.030782096898  0.0431746727308  0.0221549269993   5
360    0.0282794873941  0.0396645353083  0.0201836994145   5
380    0.0257768778902  0.0363598962804  0.0183975301081   5
400    0.0236079496535  0.0334886900538  0.0167929619028   5
430    0.0207716588824  0.0294653145293  0.0147007916608   5
460    0.0182690493785  0.0260609188755  0.0129077283659   5
500    0.015391048449  0.0220781308178  0.0109111905763   5
530    0.0140563233803  0.0202755539204  0.0101702230032   5
560    0.0128884389451  0.018385442716  0.00922964161999   5
570    0.0128884389451  0.0180772002158  0.00926848204108   5
580    0.0118039748268  0.0171678059844  0.00863315122305   5
590    0.0113868732428  0.0166065581764  0.00842878124817   5
620    0.0103024091244  0.0149428500886  0.00713093125369   5
650    0.00921794500605  0.0147294139332  0.00845883170653   5
660    0.00896768405566  0.0129354430656  0.0062634622996   5
700    0.00773723438291  0.0117157162436  0.00565883238826   5
730    0.00715329216533  0.0110596188124  0.00534395747896   5
760    0.00652763978936  0.0102484212764  0.00479976134585   5
800    0.00623566868057  0.0091934901854  0.00432508171911   5
850    0.00552659598779  0.00814807651548  0.00383044122052   5
150    0.135474594478  0.192175379732  0.0988855392678   7
160    0.127799925333  0.180269777126  0.0896828384285   7
170    0.115787399714  0.163325351138  0.0818078872043   7
180    0.110448499439  0.151391979098  0.0842200143809   7
190    0.0917623484766  0.130899592944  0.0666227724792   7
200    0.0864234482016  0.12121669576  0.0619975069455   7
220    0.0777477352547  0.108428408037  0.0566463716229   7
240    0.0710741099109  0.098554637999  0.0518675290009   7
260    0.0625652375977  0.0867558463926  0.0455845290663   7
280    0.0528884808492  0.0737592420904  0.0380337709647   7
300    0.0448801304367  0.0625906496339  0.0325938386251   7
320    0.0392075488945  0.0553046965582  0.0281711540152   7
340    0.0358707362227  0.0503119468104  0.0256876735476   7
360    0.0326173438676  0.0460087995838  0.0233986733125   7
380    0.0297810530965  0.042008033185  0.0212935704775   7
400    0.0274452842262  0.0387132870816  0.0196234864685   7
430    0.0241084715543  0.0341986995958  0.0170912414694   7
460    0.0212721807832  0.0301753215255  0.015029546832   7
500    0.0177685274777  0.0253469226326  0.0126392268586   7
530    0.0163086719338  0.0235244555089  0.0118638275293   7
570    0.014973946865  0.0210023134617  0.0108765373368   7
580    0.0137226421131  0.0197942348837  0.010030452349   7
610    0.0123044967275  0.0176014920915  0.00866145654508   7
630    0.0114702935596  0.0172768712768  0.00879393288588   7
660    0.0103858294412  0.0153122347321  0.00775886592685   7
710    0.00930136532285  0.0132684586097  0.00662723730351   7
750    0.00761210390771  0.0119510347029  0.00568671892849   7
780    0.00761210390771  0.0111014537143  0.00533129537567   7
800    0.00723671248213  0.0105539849733  0.00505082485529   7
830    0.00665277026455  0.00964932972259  0.00467194283883   7
850    0.00629823391816  0.00908489204472  0.00430999825508   7
150    0.150156570234  0.218987577887  0.111185423031   10
160    0.143482944891  0.202391639457  0.100860173114   10
170    0.129134650402  0.185240902968  0.0932588837057   10
180    0.117122124783  0.165208071925  0.0827509176337   10
190    0.105776961698  0.151734794646  0.0767978923019   10
200    0.100438061423  0.140873453106  0.0720511622249   10
220    0.0917623484766  0.127973446109  0.0668573055635   10
260    0.0757456476516  0.105032410931  0.0551876667742   10
280    0.0635662813992  0.0886506953048  0.0458657671412   10
300    0.054223205918  0.0756206699235  0.0395065896511   10
320    0.047215899307  0.0669773801076  0.0339252618094   10
340    0.0432117241008  0.0606083478798  0.0312806305399   10
360    0.0395412301617  0.0554601473451  0.0283656571599   10
380    0.0362044174898  0.0507799641151  0.0258398962777   10
400    0.0333681267188  0.0468018119337  0.0237356360979   10
430    0.0292805311957  0.0413020179813  0.0207578759968   10
460    0.0257768778902  0.0365653895833  0.0192569441952   10
500    0.0221063839512  0.0315349011033  0.0158874461764   10
530    0.0204379776152  0.0288290436797  0.0153156970011   10
560    0.0182690493785  0.0275173426999  0.014192132155   10
600    0.0154744687658  0.021951068091  0.0105894655933   10
610    0.014973946865  0.0215991819078  0.011069035675   10
640    0.0129718592619  0.0187112676875  0.0091029251201   10
660    0.0128050186283  0.0190831051958  0.00927023481477   10
750    0.00988530754043  0.0144166819393  0.00703168251222   10
770    0.00946820595645  0.0134309764986  0.00664808601825   10
800    0.00863400278848  0.0123164619219  0.00612091228346   10
850    0.00727842264053  0.0103246936625  0.00523764099901   10
