150    0.121793662523  0.173739469353  0.0881654786696   5
160    0.111115861973  0.161164986925  0.0804214928622   5
170    0.103107511561  0.145439585121  0.0728491032166   5
180    0.0904276234078  0.128274704245  0.0644422354582   5
190    0.0810845479266  0.115667645939  0.0588703041127   5
200    0.0757456476516  0.10624011146  0.054337582993   5
220    0.0677372972391  0.0939276616971  0.0487120221188   5
240    0.0612305125289  0.0849050548535  0.0443962325187   5
260    0.0535558433836  0.074689956007  0.0388945063147   5
280    0.0452138117039  0.0630560040464  0.0325146748626   5
300    0.038206505093  0.0535880730348  0.0274755001606   5
320    0.0337018079859  0.04780717848  0.0242152036338   5
340    0.030782096898  0.0431746727308  0.0221549269993   5
360    0.0282794873941  0.0396645353083  0.0201836994145   5
380    0.0257768778902  0.0363598962804  0.0183975301081   5
400    0.0236079496535  0.0334886900538  0.0167929619028   5
430    0.0207716588824  0.0294653145293  0.0147007916608   5
460    0.0182690493785  0.0260609188755  0.0129077283659   5
500    0.015391048449  0.0220781308178  0.0109111905763   5
530    0.0140563233803  0.0202755539204  0.0101702230032   5
560    0.0128884389451  0.018385442716  0.00922964161999   5
570    0.0128884389451  0.0180772002158  0.00926848204108   5
580    0.0118039748268  0.0171678059844  0.00863315122305   5
590    0.0113868732428  0.0166065581764  0.00842878124817   5
620    0.0103024091244  0.0149428500886  0.00713093125369   5
650    0.00921794500605  0.0147294139332  0.00845883170653   5
660    0.00896768405566  0.0129354430656  0.0062634622996   5
700    0.00773723438291  0.0117157162436  0.00565883238826   5
730    0.00715329216533  0.0110596188124  0.00534395747896   5
760    0.00652763978936  0.0102484212764  0.00479976134585   5
800    0.00623566868057  0.0091934901854  0.00432508171911   5
850    0.00552659598779  0.00814807651548  0.00383044122052   5
