150    0.0618978750633  0.0868173627663  0.0444036203898   0.1
160    0.0538895246508  0.0764441502407  0.0377664965262   0.1
170    0.0482169431086  0.0691661756585  0.0338359556353   0.1
180    0.0438790866352  0.0618941887651  0.0311072446904   0.1
190    0.0402085926961  0.0567167320573  0.0287493020238   0.1
200    0.0372054612914  0.0521840211207  0.0266900462494   0.1
220    0.0331178657684  0.0498830378708  0.0242072327777   0.1
240    0.0302815749973  0.0411449047961  0.0226525008798   0.1
260    0.0256100372566  0.0356141413566  0.0187796258612   0.1
280    0.0222732245848  0.0310626450649  0.0161247732609   0.1
300    0.0194369338137  0.0271071020093  0.013965698489   0.1
320    0.0174348462105  0.0244539474482  0.0124247494767   0.1
340    0.015808150033  0.0222983820424  0.011206887443   0.1
360    0.0144734249643  0.0205310528256  0.0102530399687   0.1
380    0.0133055405291  0.0188743685614  0.00941910665408   0.1
400    0.0123044967275  0.0175033991369  0.00868135822741   0.1
430    0.0107195107084  0.0152914522078  0.00757371345431   0.1
460    0.00930136532285  0.0133426097196  0.00667606038809   0.1
500    0.00782065469971  0.0112809087177  0.00556650054745   0.1
530    0.00698645153174  0.010021915692  0.00490270084063   0.1
560    0.00623566868057  0.0091934901854  0.00451171583913   0.1
630    0.00485923345342  0.00708668167372  0.0033982972233   0.1
675    0.00435871155264  0.00628722657579  0.00305514181338   0.1
695    0.00396246504785  0.00577883883261  0.00276558124575   0.1
700    0.00411887814185  0.00594127907504  0.00293498962278   0.1
730    0.00372263163706  0.00542906692479  0.00263891852558   0.1
760    0.00334724021147  0.00493496708751  0.00233169370332   0.1
800    0.00297184878589  0.00442889664606  0.00203369130919   0.1
830    0.0027632979939  0.00416215523155  0.00189776447364   0.1
850    0.0026381675187  0.00397368019001  0.00179691347809   0.1
