150    0.0348696924211  0.0480739412154  0.025328093999   0.1
160    0.0294473718293  0.0415373555339  0.0211942797305   0.1
170    0.0257768778902  0.0365653895833  0.0182053919987   0.1
180    0.0244421528215  0.0340874716582  0.0175918524727   0.1
190    0.0207716588824  0.0292997213308  0.0148026918385   0.1
200    0.0191032525465  0.0269463305296  0.0137040833329   0.1
220    0.0161418313002  0.022640375301  0.011559453351   0.1
240    0.0142231640139  0.0199492719803  0.0101854620784   0.1
260    0.0128050186283  0.0178581124154  0.00920849186606   0.1
280    0.0113868732428  0.0158803408876  0.00821611137437   0.1
300    0.0101355684908  0.0142160498148  0.00728880626532   0.1
320    0.00905110437246  0.0126949910288  0.00648165780199   0.1
340    0.0080709156501  0.0113845298467  0.00580404975172   0.1
360    0.00732013279893  0.0103255044953  0.00523766582042   0.1
380    0.00665277026455  0.00943718428072  0.00474823018138   0.1
400    0.00606882804697  0.00870560429361  0.00430238030859   0.1
430    0.0053180451958  0.0076286222404  0.00375040807204   0.1
460    0.00465068266143  0.00674545660607  0.00327976860774   0.1
500    0.00399374766665  0.0057926229911  0.00278741486145   0.1
530    0.00357664608267  0.00521616252045  0.00248964286096   0.1
560    0.00322210973628  0.00472479558448  0.00222931094013   0.1
630    0.0025964573603  0.00386945698262  0.00176850377883   0.1
675    0.00228363117231  0.00343966783749  0.00154414110977   0.1
695    0.00215850069712  0.00328560864091  0.001459530638   0.1
700    0.00213764561792  0.00323682183378  0.00144542889271   0.1
730    0.00199166006353  0.00304752609446  0.00133687021171   0.1
760    0.00186652958833  0.00287093860081  0.00126210620388   0.1
800    0.00172054403394  0.0026463959765  0.00114638177163   0.1
830    0.00161626863794  0.00251177831142  0.00107690408851   0.1
850    0.00155370340034  0.0024269344229  0.00102753620571   0.1
150    0.0462148555055  0.064083651312  0.0333459758345   2
160    0.0408759552305  0.0570063508598  0.0291740766069   2
170    0.036538098757  0.0512479814198  0.0259233395066   2
180    0.0327841845012  0.0459827816505  0.0232204631985   2
190    0.0291136905621  0.0412987746499  0.0207790874861   2
200    0.0264442404246  0.037090435041  0.018810492244   2
220    0.022606905852  0.0317082283997  0.0162569924773   2
240    0.0202711369816  0.0281088942719  0.0145776125306   2
260    0.0181022087449  0.025029200898  0.0131051528   2
280    0.0161418313002  0.0222543246692  0.0117248467052   2
300    0.0143900046475  0.0199538442121  0.0104523832891   2
320    0.0128050186283  0.0178581124154  0.00929973856558   2
340    0.0114702935596  0.0160881228522  0.00824156096092   2
360    0.0103024091244  0.0145321906162  0.00736539878397   2
380    0.00938478563965  0.0132378264392  0.00668667377007   2
400    0.00855058247168  0.0121292957326  0.00608225706831   2
430    0.00746611835332  0.0106504670818  0.0053108485769   2
460    0.00652763978936  0.00936375999278  0.00461927911779   2
510    0.0053597553542  0.0077311830495  0.00374833643866   2
520    0.00515120456221  0.00747142504431  0.00359014638601   2
530    0.00498436392861  0.00718969945142  0.00346192596301   2
560    0.00444213186943  0.00647838264826  0.00309209262479   2
590    0.00399374766665  0.0058244612277  0.00277998021156   2
640    0.00343066052827  0.00505795687487  0.00237360291036   2
670    0.00315954449868  0.00468342815253  0.00216213480668   2
710    0.00284671831069  0.0042424165461  0.00193057854185   2
730    0.0027215878355  0.00407763354407  0.00184571794661   2
760    0.00253389212271  0.00381661792057  0.00172588922994   2
800    0.00232534133071  0.00350249306348  0.00158384073365   2
850    0.00207508038032  0.00315862833393  0.00140825309746   2
150    0.0608968312617  0.0849278294554  0.0444442053108   5
160    0.0545568871852  0.076520961697  0.0390038121839   5
170    0.0495516681773  0.0698957215626  0.0350368461864   5
180    0.0445464491695  0.0628355491589  0.0311827170632   5
190    0.0398749114289  0.056563939071  0.0283640838641   5
200    0.0362044174898  0.0510685900611  0.0258863008656   5
220    0.031616300066  0.0440926679004  0.0226409964727   5
240    0.0284463280277  0.0394449918122  0.0207926094286   5
260    0.0255266169398  0.0349893850973  0.0188384220626   5
280    0.0227737464855  0.0312160184904  0.0167616525533   5
300    0.0204379776152  0.0280143768738  0.0149932350129   5
320    0.0182690493785  0.0251870650901  0.0133140269068   5
340    0.0163086719338  0.0226143573677  0.011767396973   5
360    0.0145568452811  0.0204172905579  0.0105027141154   5
380    0.0132221202123  0.0185452175205  0.00950027140445   5
400    0.0120542357771  0.0169071544083  0.00863225383347   5
430    0.0105526700748  0.014885199491  0.00753167488951   5
460    0.00921794500605  0.0131494596602  0.00655696979027   5
500    0.00782065469971  0.0112185624177  0.00551530606317   5
530    0.00694474137334  0.010017447201  0.0048638941512   5
560    0.00615224836377  0.00894788484122  0.00430885487893   5
570    0.00590198741338  0.00860742860095  0.00414470164072   5
580    0.00573514677979  0.00827266664759  0.00398338759038   5
590    0.00552659598779  0.00797184256786  0.00384515681847   5
620    0.00498436392861  0.00722943535275  0.00347881025245   5
650    0.00456726234463  0.00666087222861  0.00316786921902   5
660    0.00444213186943  0.00647838264826  0.00307880744037   5
700    0.00399374766665  0.00588813833735  0.00275834644006   5
730    0.00374348671626  0.00548932568024  0.00259458207066   5
760    0.00349322576587  0.00512235094151  0.00242960304311   5
800    0.00315954449868  0.00463305182024  0.00220094467834   5
850    0.0027424429147  0.00404329089046  0.00191200194115   5
150    0.0687383410406  0.0947677710887  0.0499290656823   7
160    0.0618978750633  0.0863239079676  0.0441396376527   7
170    0.0565589747883  0.0797799649645  0.0398866933267   7
180    0.0512200745133  0.0726574411692  0.0358542853533   7
190    0.0458811742383  0.065449796472  0.0326364983617   7
200    0.0422106802992  0.0592042908742  0.0299244572238   7
220    0.0368717800242  0.0517160038161  0.0264942778491   7
240    0.0335349673523  0.046233791062  0.024358597578   7
260    0.0301147343637  0.0412783268965  0.0221646773598   7
280    0.0269447623254  0.0368258362236  0.0200749497995   7
300    0.0241084715543  0.033045529804  0.0179617971891   7
320    0.0216058620504  0.0297874430194  0.0158499912994   7
340    0.0192700931801  0.0267208018905  0.0141305979607   7
360    0.017268005577  0.0242199387958  0.0125204633943   7
380    0.0157247297162  0.0219299940742  0.0113081473554   7
400    0.0143065843307  0.0200662763065  0.0102623371793   7
430    0.0124713373611  0.017591599167  0.00894588576274   7
460    0.0109697716588  0.0155172736122  0.00781748519609   7
500    0.00930136532285  0.0132684586097  0.00655953721548   7
530    0.00823775628369  0.0118168857806  0.00576401599342   7
570    0.00698645153174  0.0101890051761  0.00491272169091   7
580    0.00669448042295  0.00965645855993  0.00471052963598   7
610    0.00602711788857  0.0086938204865  0.00422121746756   7
630    0.00565172646299  0.00819739284611  0.00395830396058   7
660    0.00515120456221  0.00755355655693  0.00364626760271   7
710    0.00460897250303  0.00672170187658  0.00321121663606   7
750    0.00419187091904  0.00607998559072  0.00295386949024   7
780    0.00388947227065  0.00561037207819  0.00274294570744   7
800    0.00366006639946  0.00527946539956  0.00259892295408   7
830    0.00334724021147  0.00482822927997  0.00237679293937   7
850    0.00311783434028  0.00452217806506  0.00222146180445   7
150    0.0777477352547  0.107188783351  0.0564731665242   10
160    0.0704067473766  0.0987518244021  0.0504195266367   10
170    0.0652346877352  0.0920175991676  0.0460050063626   10
180    0.0598957874602  0.084486746567  0.0419273241304   10
190    0.054223205918  0.0764852137695  0.0383362587156   10
200    0.0495516681773  0.0698957215626  0.0353710417023   10
220    0.0445464491695  0.0621252901298  0.0319562439668   10
260    0.036538098757  0.0497915575954  0.0270685002556   10
280    0.0327841845012  0.0446759889461  0.0245796354505   10
300    0.0296142124629  0.0401200858988  0.0219390799845   10
320    0.0266110810582  0.036263716484  0.0195859603095   10
340    0.0237747902871  0.0327776876552  0.0174897219014   10
360    0.0212721807832  0.0296665716443  0.0155487255258   10
380    0.0192700931801  0.0268744222572  0.0140400341683   10
400    0.0176016868441  0.0246879561005  0.0126579269299   10
430    0.015391048449  0.0215873363654  0.0110862706464   10
460    0.0135975116379  0.0190717382612  0.0097222747663   10
500    0.0115537138764  0.01629723499  0.00815164761684   10
530    0.0102189888076  0.0145774546919  0.00711856637092   10
560    0.00896768405566  0.0129354430656  0.00624690578013   10
600    0.00754953867012  0.0108296515954  0.00532900480468   10
610    0.00732013279893  0.0105589307991  0.00515824970684   10
640    0.00673619058135  0.0097166231213  0.00471783095033   10
660    0.00636079915576  0.0092258483988  0.0044055638806   10
750    0.00510949440381  0.00728872734595  0.00367124049082   10
770    0.00481752329502  0.00683382274869  0.00346443260759   10
800    0.00435871155264  0.00614823493209  0.00315550338157   10
850    0.00361835624106  0.00513276320639  0.00261952074978   10
