150    0.0462148555055  0.064083651312  0.0333459758345   2
160    0.0408759552305  0.0570063508598  0.0291740766069   2
170    0.036538098757  0.0512479814198  0.0259233395066   2
180    0.0327841845012  0.0459827816505  0.0232204631985   2
190    0.0291136905621  0.0412987746499  0.0207790874861   2
200    0.0264442404246  0.037090435041  0.018810492244   2
220    0.022606905852  0.0317082283997  0.0162569924773   2
240    0.0202711369816  0.0281088942719  0.0145776125306   2
260    0.0181022087449  0.025029200898  0.0131051528   2
280    0.0161418313002  0.0222543246692  0.0117248467052   2
300    0.0143900046475  0.0199538442121  0.0104523832891   2
320    0.0128050186283  0.0178581124154  0.00929973856558   2
340    0.0114702935596  0.0160881228522  0.00824156096092   2
360    0.0103024091244  0.0145321906162  0.00736539878397   2
380    0.00938478563965  0.0132378264392  0.00668667377007   2
400    0.00855058247168  0.0121292957326  0.00608225706831   2
430    0.00746611835332  0.0106504670818  0.0053108485769   2
460    0.00652763978936  0.00936375999278  0.00461927911779   2
510    0.0053597553542  0.0077311830495  0.00374833643866   2
520    0.00515120456221  0.00747142504431  0.00359014638601   2
530    0.00498436392861  0.00718969945142  0.00346192596301   2
560    0.00444213186943  0.00647838264826  0.00309209262479   2
590    0.00399374766665  0.0058244612277  0.00277998021156   2
640    0.00343066052827  0.00505795687487  0.00237360291036   2
670    0.00315954449868  0.00468342815253  0.00216213480668   2
710    0.00284671831069  0.0042424165461  0.00193057854185   2
730    0.0027215878355  0.00407763354407  0.00184571794661   2
760    0.00253389212271  0.00381661792057  0.00172588922994   2
800    0.00232534133071  0.00350249306348  0.00158384073365   2
850    0.00207508038032  0.00315862833393  0.00140825309746   2
