150    0.0807508666594  0.112616633391  0.0578271377354   0.1
160    0.0717414724453  0.103483544525  0.0520868942919   0.1
170    0.0642336439336  0.0906055636685  0.0453833406876   0.1
180    0.0575600185898  0.0809625640429  0.0409439735418   0.1
190    0.0515537557805  0.0723088008632  0.0366098059123   0.1
200    0.0465485367727  0.0652885260182  0.0331112110837   0.1
220    0.0408759552305  0.0570063508598  0.0293209633695   0.1
240    0.0362044174898  0.0504913432607  0.0260133610466   0.1
260    0.0314494594324  0.0438599881483  0.0226532467951   0.1
280    0.0266110810582  0.0373244436933  0.0191204213275   0.1
300    0.0227737464855  0.0319422370521  0.0163632434032   0.1
320    0.020104296348  0.0283583660287  0.0144697488492   0.1
340    0.0184358900121  0.0260049726816  0.0131581038767   0.1
360    0.0169343243098  0.0238869219788  0.0120458346832   0.1
380    0.0154744687658  0.021951068091  0.0109888650541   0.1
400    0.0142231640139  0.0201760493274  0.0100491683315   0.1
430    0.0124713373611  0.0178898672775  0.00881144025644   0.1
460    0.0110114818172  0.0157957355074  0.00775362160762   0.1
500    0.00942649579805  0.0135972557864  0.00661980615408   0.1
530    0.00846716215488  0.0124159677878  0.00602666473866   0.1
560    0.00761210390771  0.0111014537143  0.00532351290776   0.1
630    0.00606882804697  0.00894751061068  0.00420060932961   0.1
675    0.0053180451958  0.00788299781747  0.00362617244064   0.1
695    0.00502607408701  0.00745020591771  0.00347743648266   0.1
700    0.00494265377021  0.00736595440177  0.00341372405023   0.1
730    0.00460897250303  0.00686867455951  0.00314268248488   0.1
760    0.00427529123584  0.00640547770068  0.00291515794957   0.1
800    0.00395203750825  0.00595266764887  0.00271416145941   0.1
830    0.00364963885986  0.00555537673537  0.00246329461194   0.1
850    0.00349322576587  0.00534513745079  0.00235615234265   0.1
