150    0.0750782851172  0.105304076851  0.0535037056856   2
160    0.0670699347047  0.0951410138709  0.0474793881617   2
170    0.0588947436586  0.0854222822023  0.0418201567214   2
180    0.054223205918  0.0769174882382  0.0382568301913   2
190    0.0507195526125  0.0711387525099  0.0363211774206   2
200    0.0468822180398  0.0665040421101  0.0337695615355   2
220    0.0422106802992  0.0585312766948  0.0309031439324   2
240    0.0377059831922  0.052284854614  0.0278266887984   2
260    0.0327841845012  0.0454600655871  0.0241174072633   2
280    0.0284463280277  0.0395583785765  0.0206932104858   2
300    0.0249426747223  0.0349843546241  0.0180573303558   2
320    0.0224400652184  0.0312953248169  0.0160966105029   2
340    0.0202711369816  0.0284320996296  0.0145898310307   2
360    0.0184358900121  0.0260049726816  0.0131039524619   2
380    0.0169343243098  0.0240219224665  0.0120280065436   2
400    0.0156413093994  0.0221877370897  0.0110245264248   2
430    0.0135558014795  0.0192293720596  0.00961012716343   2
460    0.0116371341932  0.0166004482899  0.00819416860809   2
510    0.00955162627324  0.0138538964766  0.00683600957889   2
520    0.00921794500605  0.0138108357787  0.0065971970283   2
530    0.00880084342207  0.0126246216841  0.00618117740338   2
560    0.00815433596689  0.0115672065424  0.00580039591231   2
590    0.00736184295732  0.0104430281618  0.00525431080597   2
640    0.00615224836377  0.00877622248888  0.00438348650588   2
670    0.00556830614619  0.00798761625814  0.00397422403355   2
710    0.00502607408701  0.00716972775997  0.00359109373664   2
730    0.00469239281982  0.00673113719607  0.00333789526739   2
760    0.00413973322104  0.00607036824752  0.00288428265653   2
800    0.00374348671626  0.00551916865704  0.0026031215917   2
850    0.00328467497388  0.00486891030436  0.00225986800991   2
