150    0.11512003718  0.160548499379  0.0823112807517   10
160    0.10444223663  0.148987535104  0.0731945052827   10
170    0.0971012487516  0.137741474378  0.0679076103248   10
180    0.0897602608734  0.12732802825  0.0634187989226   10
190    0.0850887231328  0.120022956321  0.0608848660674   10
200    0.0830866355297  0.112562265584  0.0609520900934   10
220    0.0770803727203  0.103810749312  0.0584042368801   10
260    0.0625652375977  0.0862570658095  0.0458107832544   10
280    0.0548905684523  0.0756762037001  0.040002875364   10
300    0.0478832618414  0.0660154090301  0.0351123949327   10
320    0.0422106802992  0.0585312766948  0.0306055771859   10
340    0.038206505093  0.0529789020776  0.0274081666658   10
360    0.0348696924211  0.0486299103361  0.0248037409952   10
380    0.0319499813332  0.0448127332972  0.0227687974775   10
400    0.0294473718293  0.0413025984205  0.0208460492962   10
430    0.025443196623  0.0360920515858  0.0186085604957   10
460    0.0221063839512  0.0308299653129  0.0156479513552   10
500    0.0186027306457  0.0286873044965  0.0134226581428   10
530    0.017268005577  0.024013444999  0.0126219066033   10
560    0.0148071062314  0.0213585211166  0.0112610019438   10
600    0.0127215983115  0.0180460257929  0.00890517737115   10
610    0.0128050186283  0.0177560302141  0.00939372071218   10
640    0.0114702935596  0.015905238675  0.00838691706972   10
660    0.010469249758  0.0146006060701  0.00765496794363   10
750    0.0080083504125  0.0113601208502  0.00579767128481   10
770    0.00727842264053  0.0103827178542  0.00515057002504   10
800    0.00681961089814  0.00945638714478  0.00488364499571   10
850    0.00552659598779  0.00783966726626  0.00395769424482   10
