150    0.0717414724453  0.0989081051152  0.05201738415   10
160    0.0645673252008  0.0915909763438  0.0459284545765   10
170    0.0582273811242  0.0825975492998  0.0413871439747   10
180    0.0522211183148  0.0732448354726  0.036896066823   10
190    0.0470490586734  0.0667407136546  0.0336926711599   10
200    0.0427112022  0.0605873145956  0.0308681240997   10
220    0.0368717800242  0.052303892002  0.0269511242447   10
260    0.027945806127  0.0385281575211  0.0204267570633   10
280    0.0231074277527  0.0322260412793  0.0168094407758   10
300    0.0194369338137  0.0274170081807  0.0139777107804   10
320    0.017268005577  0.0239446145819  0.0124793591329   10
340    0.0150573671818  0.0209992788847  0.0108999101984   10
360    0.0132221202123  0.0185452175205  0.00957138984668   10
380    0.0118039748268  0.0164620389948  0.00842475954268   10
400    0.0105526700748  0.0148010727185  0.00745583465063   10
430    0.00896768405566  0.0126137320843  0.00645434915519   10
460    0.00819604612529  0.0116917133  0.0056926226063   10
500    0.00715329216533  0.0100331381533  0.00508079575784   10
530    0.00644421947256  0.00914134739583  0.00456191873974   10
560    0.00590198741338  0.00841922373095  0.00415014994105   10
600    0.00494265377021  0.0070901312138  0.00347439840525   10
610    0.00569343662139  0.00780400462259  0.00407039555615   10
640    0.00440042171104  0.00634739177361  0.00308796972431   10
660    0.00423358107744  0.00610673225525  0.00300131689569   10
750    0.00343066052827  0.00492120934155  0.00240273449907   10
770    0.00326381989468  0.00468187999639  0.00228588419296   10
800    0.00299270386509  0.00431682796256  0.00209294288804   10
850    0.00308655172148  0.00552257110007  0.00217270427386   10
