150    0.0398749114289  0.0559281646498  0.0286753036611   2
160    0.0348696924211  0.0491858794567  0.0249319671462   2
170    0.0311157781652  0.0438907463352  0.0222479041969   2
180    0.0272784435926  0.0384779469832  0.0194038818736   2
190    0.0239416309207  0.0337711653807  0.0170303182638   2
200    0.0211053401496  0.0297703989819  0.0150904013014   2
220    0.0179353681113  0.0251559734052  0.0130254187814   2
240    0.0141397436971  0.0199449912411  0.0100579754783   2
260    0.0128050186283  0.0178581124154  0.00920057892662   2
280    0.0107195107084  0.0150350826438  0.00770211271877   2
300    0.00905110437246  0.0127671475153  0.00650893399002   2
320    0.00786236485811  0.011027676835  0.00564921504506   2
340    0.00698645153174  0.00985482620779  0.00493111117633   2
360    0.00615224836377  0.00872717664802  0.00433870740242   2
380    0.005443175671  0.00776472568986  0.0038197164604   2
400    0.00485923345342  0.00697046654122  0.00340326532475   2
430    0.00431700139424  0.00612381511599  0.00304444887559   2
460    0.00388947227065  0.00557936504073  0.00274294570744   2
510    0.00330553005308  0.00475488836653  0.00231171723852   2
520    0.00320125465708  0.00461765204229  0.00224836662593   2
530    0.00303441402349  0.00454632707317  0.00221425277484   2
560    0.00284671831069  0.00410625104311  0.0020059859971   2
590    0.0025756022811  0.0037562452412  0.00179941598576   2
640    0.00228363117231  0.00334864134846  0.00159543360681   2
670    0.00209593545952  0.00309011964061  0.00144408980925   2
710    0.00190823974673  0.00284381770573  0.00130556722662   2
730    0.00184567450913  0.00275057797397  0.00126276174378   2
760    0.00174139911313  0.00259517794371  0.00118610494403   2
800    0.00159541355874  0.00240305574545  0.00108667099663   2
850    0.00144942800435  0.00220627810009  0.000991660352461   2
