150    0.0687383410406  0.0947677710887  0.0499290656823   7
160    0.0618978750633  0.0863239079676  0.0441396376527   7
170    0.0565589747883  0.0797799649645  0.0398866933267   7
180    0.0512200745133  0.0726574411692  0.0358542853533   7
190    0.0458811742383  0.065449796472  0.0326364983617   7
200    0.0422106802992  0.0592042908742  0.0299244572238   7
220    0.0368717800242  0.0517160038161  0.0264942778491   7
240    0.0335349673523  0.046233791062  0.024358597578   7
260    0.0301147343637  0.0412783268965  0.0221646773598   7
280    0.0269447623254  0.0368258362236  0.0200749497995   7
300    0.0241084715543  0.033045529804  0.0179617971891   7
320    0.0216058620504  0.0297874430194  0.0158499912994   7
340    0.0192700931801  0.0267208018905  0.0141305979607   7
360    0.017268005577  0.0242199387958  0.0125204633943   7
380    0.0157247297162  0.0219299940742  0.0113081473554   7
400    0.0143065843307  0.0200662763065  0.0102623371793   7
430    0.0124713373611  0.017591599167  0.00894588576274   7
460    0.0109697716588  0.0155172736122  0.00781748519609   7
500    0.00930136532285  0.0132684586097  0.00655953721548   7
530    0.00823775628369  0.0118168857806  0.00576401599342   7
570    0.00698645153174  0.0101890051761  0.00491272169091   7
580    0.00669448042295  0.00965645855993  0.00471052963598   7
610    0.00602711788857  0.0086938204865  0.00422121746756   7
630    0.00565172646299  0.00819739284611  0.00395830396058   7
660    0.00515120456221  0.00755355655693  0.00364626760271   7
710    0.00460897250303  0.00672170187658  0.00321121663606   7
750    0.00419187091904  0.00607998559072  0.00295386949024   7
780    0.00388947227065  0.00561037207819  0.00274294570744   7
800    0.00366006639946  0.00527946539956  0.00259892295408   7
830    0.00334724021147  0.00482822927997  0.00237679293937   7
850    0.00311783434028  0.00452217806506  0.00222146180445   7
